45 45 5.86866e-13
44.75 44.75 9.97647e-13
44.5 44.5 1.68893e-12
44.25 44.25 2.85044e-12
44 44 4.80534e-12
43.75 43.75 8.11973e-12
43.5 43.5 1.38309e-11
43.25 43.25 2.39607e-11
43 43 4.2737e-11
42.75 42.75 7.95954e-11
42.5 42.5 1.56639e-10
42.25 42.25 3.27088e-10
42 42 7.20237e-10
41.75 41.75 1.64875e-09
41.5 41.5 3.85847e-09
41.25 41.25 9.0945e-09
41 41 2.1348e-08
40.75 41.25 9.72333e-09
40.5 41.5 4.54838e-09
40.25 41.75 2.27073e-09
40 42 1.25945e-09
39.75 42.25 7.90284e-10
39.5 42.5 5.51601e-10
39.25 42.75 4.12949e-10
39 43 3.20767e-10
38.75 43.25 2.53076e-10
38.5 43.5 2.00513e-10
38.25 43.25 3.12969e-10
38 43 4.86957e-10
37.75 43.25 3.83037e-10
37.5 43.5 3.01116e-10
37.25 43.75 2.35901e-10
37 43.5 3.62942e-10
36.75 43.25 5.55648e-10
36.5 43 8.46641e-10
36.25 42.75 1.28425e-09
36 42.5 1.94e-09
35.75 42.25 2.91982e-09
35.5 42 4.38086e-09
35.25 41.75 6.55701e-09
35 41.5 9.79772e-09
34.75 41.25 1.46271e-08
34.5 41 2.18338e-08
34.25 40.75 3.26053e-08
34 40.5 4.87275e-08
33.75 40.25 7.28726e-08
33.5 40 1.09005e-07
33.25 39.75 1.62934e-07
33 39.5 2.43038e-07
32.75 39.25 3.61171e-07
32.5 39 5.33732e-07
32.25 38.75 7.82851e-07
32 38.5 1.13758e-06
31.75 38.25 1.63495e-06
31.5 38.5 9.67351e-07
31.25 38.75 6.32617e-07
31 39 4.43671e-07
30.75 39.25 3.23633e-07
30.5 39.5 2.40361e-07
30.25 39.75 1.79567e-07
30 40 1.34111e-07
29.75 39.75 1.83214e-07
29.5 40 1.36318e-07
29.25 40.25 1.00981e-07
29 40.5 7.44267e-08
28.75 40.25 1.01007e-07
28.5 40.5 7.40256e-08
28.25 40.75 5.39571e-08
28 41 3.91134e-08
27.75 41.25 2.8197e-08
27.5 41.5 2.02151e-08
27.25 41.75 1.44127e-08
27 41.5 1.94215e-08
26.75 41.75 1.37664e-08
26.5 42 9.70398e-09
26.25 42.25 6.8026e-09
26 42 9.11025e-09
25.75 42.25 6.34925e-09
25.5 42.5 4.40057e-09
25.25 42.75 3.03312e-09
25 43 2.07905e-09
24.75 43.25 1.41721e-09
24.5 43.5 9.6072e-10
24.25 43.25 1.27758e-09
24 43 1.68996e-09
23.75 42.75 2.22362e-09
23.5 43 1.49774e-09
23.25 43.25 1.00325e-09
23 43.5 6.68303e-10
22.75 43.25 8.73925e-10
22.5 43 1.13677e-09
22.25 42.75 1.47085e-09
22 42.5 1.89304e-09
21.75 42.25 2.42353e-09
21.5 42 3.08627e-09
21.25 41.75 3.90946e-09
21 41.5 4.92603e-09
20.75 41.25 6.1741e-09
20.5 41 7.69747e-09
20.25 40.75 9.54595e-09
20 40.5 1.17757e-08
19.75 40.25 1.44495e-08
19.5 40 1.76366e-08
19.25 39.75 2.14128e-08
19 39.5 2.58601e-08
18.75 39.25 3.10659e-08
18.5 39 3.71222e-08
18.25 38.75 4.41246e-08
18 38.5 5.21706e-08
17.75 38.25 6.13574e-08
17.5 38 7.17803e-08
17.25 37.75 8.35297e-08
17 37.5 9.66882e-08
16.75 37.25 1.11328e-07
16.5 37 1.27506e-07
16.25 36.75 1.45262e-07
16 36.5 1.64617e-07
15.75 36.25 1.85563e-07
15.5 36 2.08068e-07
15.25 35.75 2.32069e-07
15 35.5 2.5747e-07
14.75 35.25 2.8414e-07
14.5 35 3.11914e-07
14.25 34.75 3.40593e-07
14 34.5 3.69943e-07
13.75 34.25 3.99699e-07
13.5 34 4.29571e-07
13.25 33.75 4.59247e-07
13 33.5 4.88406e-07
13 33.25 6.19877e-07
13 33 7.84761e-07
13 32.75 9.90984e-07
13 32.5 1.24821e-06
13 32.25 1.56819e-06
13 32 1.96515e-06
13 31.75 2.4563e-06
13 31.5 3.06235e-06
13 31.25 3.80814e-06
13 31 4.72344e-06
13 30.75 5.84373e-06
13 30.5 7.21122e-06
13 30.25 8.87591e-06
13 30 1.08969e-05
13 29.75 1.33438e-05
13 29.5 1.62984e-05
13 29.25 1.98561e-05
13 29 2.41285e-05
13 28.75 2.92451e-05
13 28.5 3.53558e-05
13 28.25 4.2634e-05
13 28 5.12788e-05
13 27.75 6.15184e-05
13 27.5 7.36138e-05
13 27.25 8.78617e-05
13 27 0.000104599
13 26.75 0.000124205
13 26.5 0.000147109
13 26.25 0.00017379
13 26 0.000204784
13 25.75 0.000240688
13 25.5 0.000282162
13 25.25 0.000329936
13 25 0.000384811
13 24.75 0.000447663
13 24.5 0.000519447
12.75 24.5 0.000433764
12.5 24.5 0.000361181
12.25 24.5 0.000299886
12 24.5 0.000248283
12.25 24.25 0.000347144
12 24.25 0.000287426
11.75 24.25 0.000237302
11.5 24.25 0.00019536
11.75 24 0.000274026
12 23.75 0.000382246
11.75 23.75 0.000315623
11.5 23.75 0.000259869
11.25 23.75 0.000213354
11.5 23.5 0.000298569
11.25 23.5 0.000245141
11 23.5 0.000200699
10.75 23.5 0.000163846
11 23.25 0.000230024
11.25 23 0.000321148
11 23 0.000262958
10.75 23 0.000214698
10.5 23 0.000174795
10.75 22.75 0.000244823
11 22.5 0.000341014
11.25 22.25 0.000472374
11 22.25 0.000386852
10.75 22.25 0.00031591
10.5 22.25 0.000257241
10.75 22 0.000357476
11 21.75 0.000494024
11.25 21.5 0.000678959
11 21.5 0.000556134
10.75 21.5 0.000454229
10.5 21.5 0.000369938
10.75 21.25 0.000510056
11 21 0.00069936
11.25 20.75 0.000953627
11 20.75 0.000781252
10.75 20.75 0.00063821
10.5 20.75 0.000519871
10.75 20.5 0.000711158
11 20.25 0.000967455
11.25 20 0.00130885
11.5 19.75 0.00176094
11.25 19.75 0.0014471
11 19.75 0.00118581
10.75 19.75 0.000968926
11 19.5 0.00130779
11.25 19.25 0.00175541
11.5 19 0.00234323
11.75 18.75 0.0031106
12 18.5 0.00410646
12.25 18.25 0.00539121
12.5 18 0.0070388
12.75 17.75 0.00913914
13 17.5 0.0118007
13 17.25 0.0127116
13 17 0.0136578
13 16.75 0.0146368
13 16.5 0.0156458
13 16.25 0.0166815
13 16 0.0177403
13 15.75 0.018818
13 15.5 0.0199099
13 15.25 0.0210114
13 15 0.0221169
